143

7800

0 0
2 0
4 0
6 0
8 0

10 0
12 0
14 0
16 0
17 0
18 0
19 0

20 0
20.5 0
21 0

22 0
22.5 0
23 0

24 0

32 0

33 0
33.5 0
34 0

35 0
36 0

37 0
37.5 0
38 0


39 0
40 0

41 0
41.5 0
42 0

43 0
44 0

45 1
46 1

48 0
49 0
50 0

52 0
53 0
54 0

56 0
57.5 0
58 0
59 0
60 0
62 0

64 0
65 0
65.5 0
66 0

67 0
68 0
69 0
69.5 0
70 0
71 0
72 0

73 0
73.5 0
74 0
75 0
76 0
77 1
78 1


80 0
81 0
82 0

84 0
85 1
86 1

88 0
89 0
90 0

92 0
93 0
94 0

96 0
97 0
97.5 0
98 0
99 1
100 1
101 0
101.5 0
102 0
103 0

104 0
105 0
106 0
107 0
108 0
109 0
110 0
111 0
112 0
113 0
114 0
115 0
116 0
117 0
118 0
119 0
120 0

128 1

132 1

134 1

136 1

140 1

142 1

144 1

148 1
150 1

152 1

154 1

156 0
158 0


160 0
162 0
164 0
165 0
165.5 0
166 0
168 0
170 0
172 0
173 0
173.5 0
174 0

176 1
177 1
177.5 1
178 1

180 0
181 0
181.5 0
182 0

184 0
185 0
186 0
187 0
188 0
189 0
190 0

192 0
193 0
193.5 0
194.5 0
195 0
197 0
198 0

200 1
202 1
203 1
203.5 1

205 1
206 1

208 0
209 0
210 0

212 0
212.5 0

213.5 0
214 0

216 1
217.5 1

219 1
220 1
221 1
222 1

224 0
225 0
225.5 0
226.5 0
227 0

229 0
230 0

232 1

234 1
235 1
235.5 1

237 1
238 1

240 0
242 0
243 0
244 0
245 0
245.5 0

247 0


248 0
249 0
250 0
251 0
252 0
253 0
254 0


256 1

257.5 1

259 1

264 0

265 0
265.5 0
266 0

267 0
268 0

269 0
269.5 0
270 0

271 0
272 0

273 0
273.5 0
274 0

275 0
276 0
277 1
278 1

280 0
281 0
282 0

284 0
285 0
286 0

288 0
289.5 0
290 0
291 0
292 0

294 0

296 0
297 0
297.5 0
298 0

299 0
300 0
301 0
301.5 0
302 0

303 0
304 0

305 0
305.5 0
306 0

307 0
308 0

309 1
310 1

312 0
313 0
314 0

316 0
317 1
318 1

320 0
321.5 0
323 0

326 1

328 0
329 0
329.5 0
330 0

331 0
332 0

333 0
333.5 0
334 0

335 0
336 0

337 0
337.5 0
338 0
339 0
340 0

341 1
342 1

344 0
345 0
346 0

348 0
349 0
350 0

352 0
353.5 0
354 0

355 0
356 0

358 0

360 0
361 0
361.5 0
362 0

363 0
364 0
365 0
365.5 0
366 0

367 0


368 0

369 0
369.5 0
370 0

371 0
372 0

373 1
374 1

376 0
377 0
378 0

380 0
381 1
382 1

384 0
385 0
386 0

388 0
389 0
390 0


392 0

393 0
393.5 0
394 0

395 1

396 1

397 0
397.5 0
398 0

399 0

400 0
401 0
402 0
403 0
404 0
405 0
406 0
407 0
408 0
409 0
410 0

412 0
413.5 0
415 0










































