146


1100


1 1
2 1
4 1
6 1
8 1

17 1
18 1
20 1
22 1
24 1

33 1
34 1
36 1
38 1
40 1

42 1

49 1
50 1
52 1
54 1
56 1

66 0
68 0
70 0
72 0

74 1
75 1
76 1

78 1
79 1
80 1

82 1
83 1

85 1
86 1

88 1
89 1


91 1
92 1

98 0

100 0
101 0

103 0
104 0

106 0
107 0
108 0
109 0

113 0

115 0
116 0

117 1
119 1

120 0
121 0
122 0
123 0
124 0
125 0

129 0

130 0
132 0
134 1
136 1
138 0

144 0
146 0

148 0
150 0

152 0
153 0
154 0
155 0
156 0
157 0

162 0
164 0
165 1

167 0
168 1
170 0
171 1
172 1
173 0

177 0
179 0
180 0
181 1
183 1

184 0
185 0
186 0
187 0
188 0
189 0

193 0


194 0

196 0

198 1
200 1

202 0

208 0
210 0
212 0

214 1
216 1

218 0
219 0
220 0
221 0
222 0


226 0
227 0
228 0
230 0
231 0
232 0


234 1
235 1
236 1

238 1
239 1
240 1

242 0
243 0
244 0

246 0
247 0
248 0

250 0
251 0
252 0
253 0
254 0
255 0
256 0

258 0

259 0
259.5 0
260 0

262 0
263 0
263.5 0
264 0


266 1

267 1
267.5 1
268 1

270 1
270.5 1
271 1

272 1


274 0

275 0
275.5 0
276 0

278 0

279 0
279.5 0
280 0

282 0
283 0
283.5 0
284 1

286 0

287 0
287.5 0
288 1

290 0
291 0
292 0
293 0
294 0
295 0
296 0
297 0
298 0
299 0
300 0
301 0
302 0

306 0
306.5 0
307 0

308 0

310 1
310.5 1
311 1

312 1


314 0
314.5 0
315 0

316 1
316.5 1
317 1

318 0
318.5 0
319 0

320 1


322 0

323 0
323.5 0
324 0

326 0

327 0
327.5 0
328 0

330 1
331 1
331.5 1
332 1

334 1
334.5 1
335 1

336 1

338 0
339 0
339.5 0
340 0

342 0

343 0
343.5 0
344 0

346 0

347 0
347.5 0
348 1

350 0

351 0
351.5 0
352 1


354 0
355 0
356 0
357 0
358 0
359 0
360 0

362 0

363 0
363.5 0
364 1

365 1

366 0

367 0
367.5 0
368 1

369 1

370 0
371 0
372 0
373 0
374 0
375 0
376 0

378 0

380 1
380.5 1
381 1

382 0
382.5 0
383 0

384 1

386 0

388 1
388.5 1
389 1

390 0
390.5 0
391 0

392 0

394 0

396 1
396.5 1
397 1

398 0
398.5 0
399 0

400 1

402 0

404 1
404.5 1
405 1

406 0
406.5 0
407 0

408 0

410 0

412 1
412.5 1
413 1

414 0
414.5 0
415 0

416 0
417 0
418 0
419 0
420 0
421 0
422 0
423 0
424 0
425 0
426 0






















































